119911020
219911027
319911103
219911110
119911117
119911124
319911131
219911208
119911215
319911222
119911229
219920105
319920112
119920119
219920126
219920202
319920209
119920216
219920223
319920301
119920308
219920315
319920322
119920329
119920405
219920412
319920419
119920426
319920503
219920510
119920517
219920524
319920531
119920607
119920614
319920621
319920628
119920705
219920712
319920719
119920726
219920802
119920809
319920816
319920823
219920830
219920906
119920913
319920920
219920927
119921004
219921011
219921018
319921025
119921101
319921108
319921115
219921122
119921129
319921206
119921213
219921220
119921227
319930103
319930110
119930117
219930124
119930131
219930207
119930214
319930221
119930228
119930307
219930314
319930321
219930328
319930404
319930411
119930418
219930425
119930502
219930509
219930516
319930523
319930530
219930606
119930613
119930620
119930627
119930704
219930711
319930718
119930801
219930808
119930815
319930822
219930829
219930905
319930912
119930919
119930926
219931003
319931010
119931017
119931024
319931031
219931107
219931114
319931121
119931128
319931205
219931212
119931219
119931226
319940102
119940109
219940116
119940123
219940130
319940206
319940213
219940220
119940227
119940306
319940313
319940320
219940327
219940403
319940410
119940417
219940424
119940501
319940508
319940515
219940522
119940529
219940605
319940612
219940619
119940626
319940703
219940710
219940717
319940731
119940807
119940814
219940821
319940828
119940904
319940911
219940918
119940925
119941002
319941009
319941023
219941030
119941106
219941113
319941120
219941127
119941204
319941211
119941218
319941225
219950108
119950115
319950122
119950129
219950205
219950212
319950219
219950226
119950305
319950312
319950319
219950326
119950402
319950409
219950416
119950423
219950430
319950507
319950514
219950521
119950528
119950604
219950611
319950618
219950625
119950702
319950709
319950716
119950723
219950730
219950806
119950813
319950820
219950827
319950903
319950910
119950917
219950924
219951001
319951008
119951015
119951022
319951029
219951105
319951112
119951119
219951126
219951203
119951210
319951217
219951224
319951231
219960107
119960114
119960121
319960128
219960204
319960211
319960218
119960225
219960303
219960310
119960317
319960324
119960331
219960407
319960414
319960421
219960428
119960505
119960512
219960519
319960526
219960602
319960609
119960616
219960623
119960630
219960707
219960714
319960721
119960728
319960804
319960811
219960818
219960825
119960901
319960908
119960915
119960922
219960929
319961013
219961027
119961103
119961110
319961117
219961124
319961201
319961208
119961215
119961222
219961229
219970105
119970112
319970119
219970126
319970202
119970209
319970216
219970223
119970302
219970309
119970316
319970323
319970330
219970406
119970413
219970420
319970427
319970504
119970511
219970518
319970525
219970601
119970608
119970615
319970622
219970629
219970706
119970713
319970720
119970803
219970810
119970817
319970824
319970831
219970907
119970914
219970921
319970928
219971005
219971012
119971019
319971026
219971102
119971109
219971116
319971123
119971130
119971207
319971214
219971221
319971228
219980104
119980111
319980118
319980125
119980201
219980208
219980215
119980222
319980301
319980308
219980315
119980322
319980329
219980405
219980412
119980419
319980426
219980503
319980510
119980517
119980524
219980531
319980607
219980614
119980621
319980628
219980705
319980712
219980719
119980726
119980802
319980809
219980816
319980823
119980830
219980906
319980913
319980920
219980927
219981004
119981011
319981018
219981025
319981101
119981108
119981115
219981122
319981129
219981206
319981213
119981220
319981227
219990110
219990117
119990124
319990131
119990207
219990214
319990221
219990228
119990307
119990314
319990321
219990328
119990404
219990411
119990418
119990425
319990502
319990509
219990516
119990523
319990530
119990606
219990613
119990620
319990627
319990704
319990711
219990718
119990725
319990801
219990808
119990815
219990822
219990829
219990905
319990912
119990919
119990926
319991003
119991010
319991017
219991031
219991107
319991114
319991121
119991128
219991205
119991212
119991219
219991226
220000109
320000123
120000130
120000206
220000213
320000220
320000227
120000305
220000312
320000319
120000326
220000402
220000409
120000416
220000423
320000430
120000507
220000514
120000521
120000528
220000604
320000611
120000618
220000625
220000702
220000709
320000716
320000723
220000730
220000806
320000813
120000820
320000827
120000903
220000910
220000917
320000924
320001001
120001008
120001015
320001022
220001029
220001105
320001112
220001119
320001126
120001203
320001210
220001217
220001224
320001231
220010107
320010114
120010121
120010128
220010204
220010211
220010218
120010225
220010304
320010311
220010318
120010325
220010401
320010408
120010415
120010422
320010429
220010506
320010513
120010520
320010527
120010603
120010610
220010617
220010624
320010701
120010708
320010715
220010722
320010729
220010805
120010812
120010819
320010826
220010902
320010909
320010916
220010923
220011007
120011014
220011021
320011028
220011104
120011111
120011118
320011125
220011202
320011209
220011216
120011223
320011230
220020106
220020113
320020127
120020203
220020210
320020217
120020224
120020303
220020310
120020317
320020324
120020331
220020407
220020414
120020421
320020428
220020505
320020512
120020519
220020526
220020602
320020609
120020616
220020623
320020630
220020707
220020714
120020721
320020728
220020804
120020811
120020818
320020825
120020901
220020908
120020915
120020922
220021006
220021013
320021020
120021027
120021103
220021110
320021117
120021124
220021201
320021208
320021215
120021222
220021229
220030105
320030119
120030126
320030202
220030209
320030216
220030223
120030302
320030309
220030316
220030323
120030330
220030406
220030413
320030420
320030427
120030504
120030511
120030518
220030525
320030601
220030608
320030615
320030622
120030629
220030706
120030713
320030720
320030727
220030803
320030810
320030817
320030824
220030831
120030907
120030914
120030921
320030928
220031005
120031012
320031019
320031026
220031102
220031109
120031123
220031130
320031207
320031214
120031221
320031228
220040104
220040111
320040118
320040125
220040201
120040208
220040215
120040222
120040229
320040307
320040314
220040321
320040328
220040404
220040411
120040418
320040425
120040502
220040509
320040516
120040523
120040530
220040606
320040613
120040620
320040627
220040704
320040711
320040718
220040725
120040801
320040808
120040822
120040829
220040905
320040912
120040919
120040926
220041003
220041010
320041031
120041107
120041114
120041121
120041128
220041205
320041212
220041219
120041226
220050116
320050123
320050130
220050206
320050213
120050220
120050227
320050306
220050313
320050320
220050327
220050403
120050410
320050417
120050424
220050501
220050508
120050515
320050522
320050529
320050605
120050612
220050619
120050626
220050703
120050710
320050717
220050724
220050731
320050807
220050814
220050821
120050828
120050904
220050911
320050918
220051002
120051009
320051016
220051023
120051030
320051106
220051113
320051120
320051127
120051204
120051211
220051218
320051225
220060108
220060115
120060122
320060129
220060205
320060219
120060226
120060305
120060312
220060319
320060326
220060402
320060409
120060416
320060423
220060430
320060507
320060514
220060521
120060528
220060604
320060611
320060618
120060625
220060702
120060709
220060716
320060723
220060730
220060806
320060813
120060820
320060827
220060903
320060910
220060917
220060924
120061001
320061008
320061015
120061029
220061105
120061112
320061119
120061126
220061203
120061210
120061217
320061224
220061231
220070107
320070114
120070121
120070128
220070204
120070211
220070218
320070225
220070304
220070311
120070318
120070325
220070401
120070408
320070415
320070422
220070429
120070506
120070513
320070520
320070527
120070603
220070610
220070617
120070624
320070701
120070708
120070715
220070722
220070729
320070805
320070812
220070819
120070826
320070902
120070909
220070916
320070923
220070930
120071007
120071014
220071021
320071028
220071104
320071111
120071118
320071125
220071202
220071209
120071216
120071223
220080106
320080113
220080120
120080127
320080203
220080210
320080217
220080224
120080302
320080309
220080316
320080323
120080330
120080406
320080413
220080420
220080427
120080504
320080511
220080518
320080525
220080601
120080608
220080615
120080622
320080629
220080706
120080713
220080720
320080727
220080803
120080817
320080824
220080831
120080907
220080914
320080921
120080928
220081005
120081012
320081019
320081026
220081102
220081109
220081116
320081123
220081130
120081207
220081214
320081221
120081228
220090104
220090111
320090118
320090125
120090201
220090208
120090215
220090222
320090301
320090308
120090315
120090329
220090405
320090412
120090419
320090426
320090503
220090510
120090517
220090524
320090531
120090607
120090614
220090621
320090628
220090705
320090712
120090719
220090726
320090802
120090809
320090816
320090823
220090830
120090906
220090913
320090920
120090927
220091004
220091011
320091018
120091025
220091108
220091115
320091122
320091129
120091206
120091213
220091220
320091227
220100110
120100117
320100124
220100207
120100214
320100221
320100228
120100307
220100314
220100321
320100328
120100404
120100411
220100418
320100425
220100502
320100509
120100516
320100523
120100530
220100606
120100613
220100620
320100627
220100704
120100711
320100718
220100725
320100801
220100808
120100815
320100822
220100829
120100912
120100919
320100926
220101003
320101010
320101017
120101024
220101031
220101114
320101121
120101128
120101205
220101212
320101219
320101226
220110102
120110109
320110116
320110123
120110130
220110206
120110213
320110220
220110227
120110306
320110320
120110327
220110403
220110410
320110417
120110424
220110501
320110508
320110515
120110522
120110529
220110605
320110612
320110619
120110626
220110703
120110710
320110717
220110724
120110731
220110807
120110814
320110821
320110828
220110904
120110911
320110918
120110925
220111002
120111009
220111016
320111023
120111030
120111106
220111113
320111120
320111127
220111204
120111211
320111218
320111225
220120108
120120115
120120122
220120129
320120205
320120219
120120226
220120304
120120311
320120318
320120325
220120401
120120408
320120415
320120422
220120429
120120506
220120513
320120520
120120527
320120603
220120610
120120617
320120624
220120701
320120708
220120715
220120722
120120729
120120812
320120819
320120826
220120902
120120909
320120916
320120923
120120930
220121007
220121014
320121021
120121028
120121104
320121111
220121118
320121125
220121202
120121209
220121223
320121230
220130106
120130113
120130120
320130127
220130203
120130210
320130217
320130224
220130303
120130310
220130317
120130324
320130331
220130407
320130414
220130421
320130428
320130505
220130512
120130519
120130526
220130602
320130609
120130616
220130623
320130630
220130707
320130714
120130721
120130728
220130804
320130811
320130825
220130901
120130908
220130915
320130922
320130929
220131006
120131013
120131020
320131027
220131103
220131110
320131117
120131124
220131201
320131208
320131215
220131222
220140105
120140112
320140119
120140126
220140202
320140209
220140216
120140223
120140302
320140309
220140316
320140323
120140330
220140406
120140413
120140420
320140427
220140504
320140511
120140518
320140525
220140601
320140608
120140615
220140622
320140629
220140706
120140713
220140720
220140727
320140803
120140810
320140817
220140824
320140831
120140907
220140914
320140921
320140928
220141005
120141012
120141019
220141026
320141102
120141109
320141116
220141123
120141130
220141207
320141221
120141228
220150104
220150111
120150118
320150201
320150208
220150215
120150222
220150301
320150308
120150315
220150322
120150329
220150405
320150412
120150419
120150426
220150503
320150510
120150517
320150524
220150531
120150607
220150614
320150621
320150628
220150705
120150712
220150719
220150726
320150802
120150809
120150816
320150823
220150830
120150906
220150913
320150920
120150927
220151004
120151011
320151018
320151025
220151101
120151108
120151115
320151122
220151129
120151206
320151213
320151220
220160110
120160117
220160124
120160131
320160207
220160214
220160221
120160228
320160306
320160313
120160320
220160327
320160403
120160410
120160417
220160424
220160501
320160508
320160515
120160522
320160529
220160605
120160612
320160619
120160626
220160703
220160710
320160717
220160724
120160731
120160807
220160814
320160821
220160828
320160904
120160911
120160918
320160925
220161002
120161009
220161016
320161030
220161106
120161113
120161120
320161127
320161204
220161211
120161218
320161225
